R1 = 1;
R2 = 3;
R3 = 5;
L1 = 0.1;
L2 = 0.5;
L3 = 0.2; 

A = [-R1/L1 R1/L1 0;R1/L2 -(R1+R2)/L2 R2/L2;0 R2/L3 -(R2+R3)/L3];
B = [1/L1;0;0];
C = [0 0 R3];
D=0;